-20130119193510
-20130119193522
-20130119193523
-20130119193523
-20130119193524
-20130119193534
-20130119193536
-20130119193537
-20130119193538
-20130119193538
-20130119193538
-20130119193539
-20130119194237
-20130119194240
-20130119194244
-20130119194249
-20130119194301
-20130119194322
-20130119194347
-20130119194404
-20130119194419
-20130119224136
-20130119224303
-20130119224305
-20130119224323
-20130119224332
-20130119235120
-20130119235145
-20130119235156
-20130119235203
-20130119235304
-20130119235338
-20130119235401
